5
a b c = d c a = c 
d e f k = g p h d s t = d 
g h i j l = m h n = h 
o b q r z = r s t u v = r 
1 2 3 11 4 5 6 = 7 8 9 10 11 12 13 14 = 11 
Question 0
1 2 3 4 = 5 6 7 8 9 4 =
a s 
NegativePart
1 -1 1 -1 0 0
2 -1 1 s 0
1 -1 2 -1 1 1
2 -1 2 s 0
1 -1 3 -1 2 1
2 -1 3 s 0
1 -1 4 -1 3 1
2 -1 4 s 0
1 -1 5 -1 4 1
2 -1 5 s 0
1 -1 6 -1 5 1
2 -1 6 s 0
1 -1 7 -1 6 1
2 -1 7 s 0
1 -1 8 -1 7 1
2 -1 8 s 0
1 -1 9 -1 8 1
2 -1 9 s 0
1 -1 10 -1 9 1
2 -1 10 s 0
1 -1 11 -1 10 1
2 -1 11 s 0
1 -1 12 -1 11 1
2 -1 12 s 0
Failed
PositivePart
1 -1 1 -1 0 0
-1 -1 12 -1 13 0
-1 -1 11 -1 12 0
2 -1 1 a 0
2 -1 1 -1 11 0
1 -1 2 -1 1 1
-1 -1 10 -1 11 1
2 -1 2 -1 10 0
1 -1 3 -1 2 1
-1 -1 9 -1 10 1
2 -1 3 -1 9 0
1 -1 4 -1 3 1
-1 -1 8 -1 9 1
2 -1 4 -1 8 0
1 -1 5 -1 4 1
-1 -1 7 -1 8 1
2 -1 5 -1 7 0
1 -1 6 -1 5 1
-1 -1 6 -1 7 1
2 -1 6 -1 6 1
5 5
Succeeded
Question 1
1 2 1 1 = 6 7 2 7 =
a s 
NegativePart
1 -1 1 -1 0 0
2 -1 1 s 0
1 -1 2 -1 1 1
2 -1 2 s 0
1 -1 3 -1 2 1
2 -1 3 s 0
1 -1 4 -1 3 1
2 -1 4 s 0
1 -1 5 -1 4 1
2 -1 5 s 0
1 -1 6 -1 5 1
2 -1 6 s 0
1 -1 7 -1 6 1
2 -1 7 s 0
1 -1 8 -1 7 1
2 -1 8 s 0
1 -1 9 -1 8 1
2 -1 9 s 0
1 -1 10 -1 9 1
2 -1 10 s 0
Failed
PositivePart
1 -1 1 -1 0 0
-1 -1 10 -1 11 0
-1 -1 9 -1 10 0
2 -1 1 a 0
2 -1 1 -1 9 0
1 -1 2 -1 1 1
-1 -1 8 -1 9 1
2 -1 2 -1 8 1
5 2
Succeeded
Question 2
1 2 3 4 5 = 5 6 7 =
a s 
NegativePart
1 -1 1 -1 0 0
2 -1 1 s 0
1 -1 2 -1 1 1
2 -1 2 s 0
1 -1 3 -1 2 1
2 -1 3 s 0
1 -1 4 -1 3 1
2 -1 4 s 0
1 -1 5 -1 4 1
2 -1 5 s 0
1 -1 6 -1 5 1
2 -1 6 s 0
1 -1 7 -1 6 1
2 -1 7 s 0
1 -1 8 -1 7 1
2 -1 8 s 0
1 -1 9 -1 8 1
2 -1 9 s 0
1 -1 10 -1 9 1
2 -1 10 s 0
Failed
PositivePart
1 -1 1 -1 0 0
-1 -1 10 -1 11 0
-1 -1 9 -1 10 0
2 -1 1 a 0
2 -1 1 -1 9 0
1 -1 2 -1 1 1
-1 -1 8 -1 9 1
2 -1 2 -1 8 0
1 -1 3 -1 2 1
-1 -1 7 -1 8 1
2 -1 3 -1 7 0
1 -1 4 -1 3 1
-1 -1 6 -1 7 1
2 -1 4 -1 6 0
1 -1 5 -1 4 1
-1 -1 5 -1 6 1
2 -1 5 -1 5 1
5 5
Succeeded
