6
5 7 6 4 H 5 8 6 = 5 
0 8 H 9 9 8 10 = 9 
H 1 H 2 H 4 5 H = 1 
14 H 11 12 13 = 11 
3 8 H = 8 
2 4 7 6 H = 6 
Question 0
H H H H =
H 
PositivePart
1 -1 1 -1 0 0
2 -1 1 H 1
1 -1 2 -1 1 0
1 -1 3 -1 2 0
5 H
Succeeded
Question 1
14 15 H 17 H 19 H 21 22 H 23 24 25 =
H 
PositivePart
1 -1 1 -1 0 0
2 -1 1 H 0
1 -1 2 -1 1 1
2 -1 2 H 0
1 -1 3 -1 2 1
2 -1 3 H 1
1 -1 4 -1 3 0
1 -1 5 -1 4 0
5 17
Succeeded
Question 2
14 14 14 14 14 14 14 14 14 14 14 14 24 H =
H 
NegativePart
1 -1 1 -1 0 0
2 -1 1 H 0
1 -1 2 -1 1 1
2 -1 2 H 0
1 -1 3 -1 2 1
2 -1 3 H 0
1 -1 4 -1 3 1
2 -1 4 H 0
1 -1 5 -1 4 1
2 -1 5 H 0
1 -1 6 -1 5 1
2 -1 6 H 0
1 -1 7 -1 6 1
2 -1 7 H 0
1 -1 8 -1 7 1
2 -1 8 H 0
1 -1 9 -1 8 1
2 -1 9 H 0
1 -1 10 -1 9 1
2 -1 10 H 0
1 -1 11 -1 10 1
2 -1 11 H 0
1 -1 12 -1 11 1
2 -1 12 H 0
1 -1 13 -1 12 1
2 -1 13 H 0
1 -1 14 -1 13 1
2 -1 14 H 1
1 -1 15 -1 14 0
Failed
PositivePart
-1 -1 15 -1 16 0
-1 -1 14 -1 15 0
-1 -1 13 -1 14 0
5 24
Succeeded
