5
1 1 1 = Yes 
2 2 = Yes 
3 = Yes 
1 2 1 = No 
1 1 1 3 = No 
Question 0
5 5 5 5 5 5 5 5 5 =
= Yes 
PositivePart
1 -1 1 -1 0 0
1 -1 2 -1 1 0
2 -1 2 -1 1 1
1 -1 3 -1 2 1
2 -1 3 -1 1 1
1 -1 4 -1 3 1
2 -1 4 -1 1 1
1 -1 5 -1 4 1
2 -1 5 -1 1 1
1 -1 6 -1 5 1
2 -1 6 -1 1 1
1 -1 7 -1 6 1
2 -1 7 -1 1 1
1 -1 8 -1 7 1
2 -1 8 -1 1 1
1 -1 9 -1 8 1
2 -1 9 -1 1 1
1 -1 10 -1 9 1
2 -1 10 -1 1 0
2 -1 10 = 1
5 Yes
Succeeded
Question 1
5 5 5 5 5 4 5 5 =
= Yes No 
NegativePart
1 -1 1 -1 0 0
1 -1 2 -1 1 0
2 -1 2 -1 1 1
1 -1 3 -1 2 1
2 -1 3 -1 1 1
1 -1 4 -1 3 1
2 -1 4 -1 1 1
1 -1 5 -1 4 1
2 -1 5 -1 1 1
1 -1 6 -1 5 1
2 -1 6 -1 1 0
2 -1 6 = 0
Failed
PositivePart
5 No
Succeeded
Question 2
5 5 5 5 5 5 5 4 =
= Yes No 
NegativePart
1 -1 1 -1 0 0
1 -1 2 -1 1 0
2 -1 2 -1 1 1
1 -1 3 -1 2 1
2 -1 3 -1 1 1
1 -1 4 -1 3 1
2 -1 4 -1 1 1
1 -1 5 -1 4 1
2 -1 5 -1 1 1
1 -1 6 -1 5 1
2 -1 6 -1 1 1
1 -1 7 -1 6 1
2 -1 7 -1 1 1
1 -1 8 -1 7 1
2 -1 8 -1 1 0
2 -1 8 = 0
Failed
PositivePart
5 No
Succeeded
Question 3
6 =
= Yes 
PositivePart
1 -1 1 -1 0 0
1 -1 2 -1 1 0
2 -1 2 -1 1 0
2 -1 2 = 1
5 Yes
Succeeded
