7
1 2 3 = 3 2 
4 5 4 = 4 5 
6 7 7 = 7 7 6 
12 11 13 11 = 11 
12 11 13 11 = 11 13 
15 14 11 = 11 14 15 
8 9 10 10 10 8 = 8 10 10 10 9 
Question 0
a b c d b f g h =
= 
PositivePart
1 -1 1 -1 0 0
-1 -1 9 -1 10 0
2 -1 1 = 0
1 -1 2 -1 1 1
2 -1 2 = 0
1 -1 3 -1 2 1
2 -1 3 = 0
1 -1 4 -1 3 1
2 -1 4 = 0
1 -1 5 -1 4 1
2 -1 5 = 0
1 -1 6 -1 5 1
2 -1 6 = 0
1 -1 7 -1 6 1
2 -1 7 = 0
1 -1 8 -1 7 1
2 -1 8 = 0
1 -1 9 -1 8 1
2 -1 9 = 1
-1 -1 8 -1 9 0
2 -1 9 = 1
5 h
Succeeded
Question 1
a b c d b f g h = h
= 
PositivePart
1 -1 1 -1 0 0
-1 -1 10 -1 11 0
2 -1 1 = 0
1 -1 2 -1 1 1
2 -1 2 = 0
1 -1 3 -1 2 1
2 -1 3 = 0
1 -1 4 -1 3 1
2 -1 4 = 0
1 -1 5 -1 4 1
2 -1 5 = 0
1 -1 6 -1 5 1
2 -1 6 = 0
1 -1 7 -1 6 1
2 -1 7 = 0
1 -1 8 -1 7 1
2 -1 8 = 0
1 -1 9 -1 8 1
2 -1 9 = 1
-1 -1 8 -1 9 0
2 -1 10 = 0
-1 -1 9 -1 10 1
-1 -1 7 -1 8 1
2 -1 9 = 1
5 g
Succeeded
Question 2
a b c d b f g h = h g
= 
PositivePart
1 -1 1 -1 0 0
-1 -1 11 -1 12 0
2 -1 1 = 0
1 -1 2 -1 1 1
2 -1 2 = 0
1 -1 3 -1 2 1
2 -1 3 = 0
1 -1 4 -1 3 1
2 -1 4 = 0
1 -1 5 -1 4 1
2 -1 5 = 0
1 -1 6 -1 5 1
2 -1 6 = 0
1 -1 7 -1 6 1
2 -1 7 = 0
1 -1 8 -1 7 1
2 -1 8 = 0
1 -1 9 -1 8 1
2 -1 9 = 1
-1 -1 8 -1 9 0
2 -1 11 = 0
-1 -1 10 -1 11 1
-1 -1 7 -1 8 1
2 -1 10 = 0
-1 -1 9 -1 10 1
-1 -1 6 -1 7 1
2 -1 9 = 1
5 f
Succeeded
Question 3
a b c d b f g h = h g f
= 
PositivePart
1 -1 1 -1 0 0
-1 -1 12 -1 13 0
2 -1 1 = 0
1 -1 2 -1 1 1
2 -1 2 = 0
1 -1 3 -1 2 1
2 -1 3 = 0
1 -1 4 -1 3 1
2 -1 4 = 0
1 -1 5 -1 4 1
2 -1 5 = 0
1 -1 6 -1 5 1
2 -1 6 = 0
1 -1 7 -1 6 1
2 -1 7 = 0
1 -1 8 -1 7 1
2 -1 8 = 0
1 -1 9 -1 8 1
2 -1 9 = 1
-1 -1 8 -1 9 0
2 -1 12 = 0
-1 -1 11 -1 12 1
-1 -1 7 -1 8 1
2 -1 11 = 0
-1 -1 10 -1 11 1
-1 -1 6 -1 7 1
2 -1 10 = 0
-1 -1 9 -1 10 1
-1 -1 5 -1 6 1
2 -1 9 = 1
5 b
Succeeded
Question 4
a b c d b f g h = h g f b
= 
PositivePart
1 -1 1 -1 0 0
-1 -1 13 -1 14 0
2 -1 1 = 0
1 -1 2 -1 1 1
2 -1 2 = 0
1 -1 3 -1 2 1
2 -1 3 = 0
1 -1 4 -1 3 1
2 -1 4 = 0
1 -1 5 -1 4 1
2 -1 5 = 0
1 -1 6 -1 5 1
2 -1 6 = 0
1 -1 7 -1 6 1
2 -1 7 = 0
1 -1 8 -1 7 1
2 -1 8 = 0
1 -1 9 -1 8 1
2 -1 9 = 1
-1 -1 8 -1 9 0
2 -1 13 = 0
-1 -1 12 -1 13 1
-1 -1 7 -1 8 1
2 -1 12 = 0
-1 -1 11 -1 12 1
-1 -1 6 -1 7 1
2 -1 11 = 0
-1 -1 10 -1 11 1
-1 -1 5 -1 6 1
2 -1 10 = 0
-1 -1 9 -1 10 1
-1 -1 4 -1 5 1
2 -1 9 = 1
5 d
Succeeded
Question 5
a b c d b f g h = h g f b d
= 
PositivePart
1 -1 1 -1 0 0
-1 -1 14 -1 15 0
2 -1 1 = 0
1 -1 2 -1 1 1
2 -1 2 = 0
1 -1 3 -1 2 1
2 -1 3 = 0
1 -1 4 -1 3 1
2 -1 4 = 0
1 -1 5 -1 4 1
2 -1 5 = 0
1 -1 6 -1 5 1
2 -1 6 = 0
1 -1 7 -1 6 1
2 -1 7 = 0
1 -1 8 -1 7 1
2 -1 8 = 0
1 -1 9 -1 8 1
2 -1 9 = 1
-1 -1 8 -1 9 0
2 -1 14 = 0
-1 -1 13 -1 14 1
-1 -1 7 -1 8 1
2 -1 13 = 0
-1 -1 12 -1 13 1
-1 -1 6 -1 7 1
2 -1 12 = 0
-1 -1 11 -1 12 1
-1 -1 5 -1 6 1
2 -1 11 = 0
-1 -1 10 -1 11 1
-1 -1 4 -1 5 1
2 -1 10 = 0
-1 -1 9 -1 10 1
-1 -1 3 -1 4 1
2 -1 9 = 1
5 c
Succeeded
Question 6
a b c d b f g h = h g f b d c
= 
PositivePart
1 -1 1 -1 0 0
-1 -1 15 -1 16 0
2 -1 1 = 0
1 -1 2 -1 1 1
2 -1 2 = 0
1 -1 3 -1 2 1
2 -1 3 = 0
1 -1 4 -1 3 1
2 -1 4 = 0
1 -1 5 -1 4 1
2 -1 5 = 0
1 -1 6 -1 5 1
2 -1 6 = 0
1 -1 7 -1 6 1
2 -1 7 = 0
1 -1 8 -1 7 1
2 -1 8 = 0
1 -1 9 -1 8 1
2 -1 9 = 1
-1 -1 8 -1 9 0
2 -1 15 = 0
-1 -1 14 -1 15 1
-1 -1 7 -1 8 1
2 -1 14 = 0
-1 -1 13 -1 14 1
-1 -1 6 -1 7 1
2 -1 13 = 0
-1 -1 12 -1 13 1
-1 -1 5 -1 6 1
2 -1 12 = 0
-1 -1 11 -1 12 1
-1 -1 4 -1 5 1
2 -1 11 = 0
-1 -1 10 -1 11 1
-1 -1 3 -1 4 1
2 -1 10 = 0
-1 -1 9 -1 10 1
-1 -1 2 -1 3 1
2 -1 9 = 1
5 b
Succeeded
Question 7
a b c d b f g h = h g f b d c b
= 
PositivePart
1 -1 1 -1 0 0
-1 -1 16 -1 17 0
2 -1 1 = 0
1 -1 2 -1 1 1
2 -1 2 = 0
1 -1 3 -1 2 1
2 -1 3 = 0
1 -1 4 -1 3 1
2 -1 4 = 0
1 -1 5 -1 4 1
2 -1 5 = 0
1 -1 6 -1 5 1
2 -1 6 = 0
1 -1 7 -1 6 1
2 -1 7 = 0
1 -1 8 -1 7 1
2 -1 8 = 0
1 -1 9 -1 8 1
2 -1 9 = 1
-1 -1 8 -1 9 0
2 -1 16 = 0
-1 -1 15 -1 16 1
-1 -1 7 -1 8 1
2 -1 15 = 0
-1 -1 14 -1 15 1
-1 -1 6 -1 7 1
2 -1 14 = 0
-1 -1 13 -1 14 1
-1 -1 5 -1 6 1
2 -1 13 = 0
-1 -1 12 -1 13 1
-1 -1 4 -1 5 1
2 -1 12 = 0
-1 -1 11 -1 12 1
-1 -1 3 -1 4 1
2 -1 11 = 0
-1 -1 10 -1 11 1
-1 -1 2 -1 3 1
2 -1 10 = 0
-1 -1 9 -1 10 1
-1 -1 1 -1 2 1
2 -1 9 = 1
5 a
Succeeded
