4
1 2 3 E a b = c = d = f g = f 
4 5 E b = c d = n g = t = n 
7 E a = m d = f = l = m 
1 2 3 4 5 6 E f s = = = = = a = g = g 
Question 0
1 2 3 4 5 E = = f = f = f = y =
= E 
PositivePart
1 -1 1 -1 0 0
1 -1 2 -1 1 0
2 -1 1 = 0
1 -1 2 -1 1 1
2 -1 2 = 0
1 -1 3 -1 2 1
2 -1 3 = 0
1 -1 4 -1 3 1
2 -1 4 = 0
1 -1 5 -1 4 1
2 -1 5 = 0
1 -1 6 -1 5 1
2 -1 6 = 0
1 -1 7 -1 6 1
2 -1 7 = 1
2 -1 2 E 0
1 -1 3 -1 2 1
1 -1 8 -1 7 1
2 -1 8 = 1
2 -1 3 E 0
1 -1 4 -1 3 1
1 -1 9 -1 8 1
2 -1 9 = 0
1 -1 10 -1 9 1
2 -1 10 = 1
2 -1 4 E 0
1 -1 5 -1 4 1
1 -1 11 -1 10 1
2 -1 11 = 0
1 -1 12 -1 11 1
2 -1 12 = 1
2 -1 5 E 0
1 -1 6 -1 5 1
1 -1 13 -1 12 1
2 -1 13 = 0
1 -1 14 -1 13 1
2 -1 14 = 1
2 -1 6 E 1
1 -1 15 -1 14 0
5 y
Succeeded
Question 1
h o E = 1 = 2 = 4 = 5 6 7 = 8 =
= E 
PositivePart
1 -1 1 -1 0 0
1 -1 2 -1 1 0
2 -1 1 = 0
1 -1 2 -1 1 1
2 -1 2 = 0
1 -1 3 -1 2 1
2 -1 3 = 0
1 -1 4 -1 3 1
2 -1 4 = 1
2 -1 2 E 0
1 -1 3 -1 2 1
1 -1 5 -1 4 1
2 -1 5 = 0
1 -1 6 -1 5 1
2 -1 6 = 1
2 -1 3 E 1
1 -1 7 -1 6 0
5 2
Succeeded
