12
e h j v a b i c i d i f g i f 
k o v b i c d i n g i t i n 
q v a i m d i f i l i m 
e h j k o p v f s i i i i i a i g i g 
1 2 3 = 1 2 3 = Equal 
4 5 6 7 23 24 = 4 5 6 7 23 24 = Equal 
11 12 13 14 25 = 11 12 13 14 26 = Unequal 
40 210 = 40 210 = Equal 
15 16 = 16 15 = Unequal 
17 18 = 19 18 = Unequal 
19 20 21 = 19 22 21 = Unequal 
23 24 25 = 26 24 25 = Unequal 
Question 0
e h j k o v i i f i f i f i y i
v i 
PositivePart
1 -1 1 -1 0 0
1 -1 2 -1 1 0
2 -1 1 i 0
1 -1 2 -1 1 1
2 -1 2 i 0
1 -1 3 -1 2 1
2 -1 3 i 0
1 -1 4 -1 3 1
2 -1 4 i 0
1 -1 5 -1 4 1
2 -1 5 i 0
1 -1 6 -1 5 1
2 -1 6 i 0
1 -1 7 -1 6 1
2 -1 7 i 1
2 -1 2 v 0
1 -1 3 -1 2 1
1 -1 8 -1 7 1
2 -1 8 i 1
2 -1 3 v 0
1 -1 4 -1 3 1
1 -1 9 -1 8 1
2 -1 9 i 0
1 -1 10 -1 9 1
2 -1 10 i 1
2 -1 4 v 0
1 -1 5 -1 4 1
1 -1 11 -1 10 1
2 -1 11 i 0
1 -1 12 -1 11 1
2 -1 12 i 1
2 -1 5 v 0
1 -1 6 -1 5 1
1 -1 13 -1 12 1
2 -1 13 i 0
1 -1 14 -1 13 1
2 -1 14 i 1
2 -1 6 v 1
1 -1 15 -1 14 0
5 y
Succeeded
Question 1
h o v i 1 i 2 i 4 i 5 6 7 i 8 i
v i 
PositivePart
1 -1 1 -1 0 0
1 -1 2 -1 1 0
2 -1 1 i 0
1 -1 2 -1 1 1
2 -1 2 i 0
1 -1 3 -1 2 1
2 -1 3 i 0
1 -1 4 -1 3 1
2 -1 4 i 1
2 -1 2 v 0
1 -1 3 -1 2 1
1 -1 5 -1 4 1
2 -1 5 i 0
1 -1 6 -1 5 1
2 -1 6 i 1
2 -1 3 v 1
1 -1 7 -1 6 0
5 2
Succeeded
Question 2
1 2 3 4 5 6 7 = 1 2 3 4 5 6 7 =
Equal Unequal 
NegativePart
-1 -1 16 -1 17 0
-1 -1 15 -1 16 0
2 -1 15 -1 16 0
-1 -1 14 -1 15 1
2 -1 14 -1 16 0
-1 -1 13 -1 14 1
2 -1 13 -1 16 0
-1 -1 12 -1 13 1
2 -1 12 -1 16 0
-1 -1 11 -1 12 1
2 -1 11 -1 16 0
-1 -1 10 -1 11 1
2 -1 10 -1 16 0
-1 -1 9 -1 10 1
2 -1 9 -1 16 0
-1 -1 8 -1 9 1
2 -1 8 -1 16 1
2 -1 16 -1 8 1
-1 -1 15 -1 16 1
-1 -1 7 -1 8 1
2 -1 15 -1 7 1
-1 -1 14 -1 15 1
-1 -1 6 -1 7 1
2 -1 14 -1 6 1
-1 -1 13 -1 14 1
-1 -1 5 -1 6 1
2 -1 13 -1 5 1
-1 -1 12 -1 13 1
-1 -1 4 -1 5 1
2 -1 12 -1 4 1
-1 -1 11 -1 12 1
-1 -1 3 -1 4 1
2 -1 11 -1 3 1
-1 -1 10 -1 11 1
-1 -1 2 -1 3 1
2 -1 10 -1 2 1
-1 -1 9 -1 10 1
-1 -1 1 -1 2 1
2 -1 9 -1 1 1
-1 -1 8 -1 9 1
Failed
PositivePart
5 Equal
Succeeded
Question 3
16 = 17 =
Unequal v i 
NegativePart
1 -1 1 -1 0 0
1 -1 2 -1 1 0
2 -1 1 i 0
1 -1 2 -1 1 1
2 -1 2 i 0
1 -1 3 -1 2 1
2 -1 3 i 0
1 -1 4 -1 3 1
2 -1 4 i 0
Failed
PositivePart
-1 -1 4 -1 5 0
-1 -1 3 -1 4 0
2 -1 3 -1 4 0
-1 -1 2 -1 3 1
2 -1 2 -1 4 1
2 -1 4 -1 2 1
-1 -1 3 -1 4 1
-1 -1 1 -1 2 1
2 -1 3 -1 1 0
5 Unequal
Succeeded
Question 4
8 9 10 11 = 8 9 10 11 =
Equal Unequal 
NegativePart
-1 -1 10 -1 11 0
-1 -1 9 -1 10 0
2 -1 9 -1 10 0
-1 -1 8 -1 9 1
2 -1 8 -1 10 0
-1 -1 7 -1 8 1
2 -1 7 -1 10 0
-1 -1 6 -1 7 1
2 -1 6 -1 10 0
-1 -1 5 -1 6 1
2 -1 5 -1 10 1
2 -1 10 -1 5 1
-1 -1 9 -1 10 1
-1 -1 4 -1 5 1
2 -1 9 -1 4 1
-1 -1 8 -1 9 1
-1 -1 3 -1 4 1
2 -1 8 -1 3 1
-1 -1 7 -1 8 1
-1 -1 2 -1 3 1
2 -1 7 -1 2 1
-1 -1 6 -1 7 1
-1 -1 1 -1 2 1
2 -1 6 -1 1 1
-1 -1 5 -1 6 1
Failed
PositivePart
5 Equal
Succeeded
Question 5
16 17 18 = 18 16 17 =
Unequal v i 
NegativePart
1 -1 1 -1 0 0
1 -1 2 -1 1 0
2 -1 1 i 0
1 -1 2 -1 1 1
2 -1 2 i 0
1 -1 3 -1 2 1
2 -1 3 i 0
1 -1 4 -1 3 1
2 -1 4 i 0
1 -1 5 -1 4 1
2 -1 5 i 0
1 -1 6 -1 5 1
2 -1 6 i 0
1 -1 7 -1 6 1
2 -1 7 i 0
1 -1 8 -1 7 1
2 -1 8 i 0
Failed
PositivePart
-1 -1 8 -1 9 0
-1 -1 7 -1 8 0
2 -1 7 -1 8 0
-1 -1 6 -1 7 1
2 -1 6 -1 8 0
-1 -1 5 -1 6 1
2 -1 5 -1 8 0
-1 -1 4 -1 5 1
2 -1 4 -1 8 1
2 -1 8 -1 4 1
-1 -1 7 -1 8 1
-1 -1 3 -1 4 1
2 -1 7 -1 3 0
5 Unequal
Succeeded
Question 6
16 17 18 = 16 17 16 =
Unequal v i 
NegativePart
1 -1 1 -1 0 0
1 -1 2 -1 1 0
2 -1 1 i 0
1 -1 2 -1 1 1
2 -1 2 i 0
1 -1 3 -1 2 1
2 -1 3 i 0
1 -1 4 -1 3 1
2 -1 4 i 0
1 -1 5 -1 4 1
2 -1 5 i 0
1 -1 6 -1 5 1
2 -1 6 i 0
1 -1 7 -1 6 1
2 -1 7 i 0
1 -1 8 -1 7 1
2 -1 8 i 0
Failed
PositivePart
-1 -1 8 -1 9 0
-1 -1 7 -1 8 0
2 -1 7 -1 8 0
-1 -1 6 -1 7 1
2 -1 6 -1 8 0
-1 -1 5 -1 6 1
2 -1 5 -1 8 0
-1 -1 4 -1 5 1
2 -1 4 -1 8 1
2 -1 8 -1 4 1
-1 -1 7 -1 8 1
-1 -1 3 -1 4 1
2 -1 7 -1 3 0
5 Unequal
Succeeded
Question 7
16 17 18 = 18 17 18 =
Unequal v i 
NegativePart
1 -1 1 -1 0 0
1 -1 2 -1 1 0
2 -1 1 i 0
1 -1 2 -1 1 1
2 -1 2 i 0
1 -1 3 -1 2 1
2 -1 3 i 0
1 -1 4 -1 3 1
2 -1 4 i 0
1 -1 5 -1 4 1
2 -1 5 i 0
1 -1 6 -1 5 1
2 -1 6 i 0
1 -1 7 -1 6 1
2 -1 7 i 0
1 -1 8 -1 7 1
2 -1 8 i 0
Failed
PositivePart
-1 -1 8 -1 9 0
-1 -1 7 -1 8 0
2 -1 7 -1 8 0
-1 -1 6 -1 7 1
2 -1 6 -1 8 0
-1 -1 5 -1 6 1
2 -1 5 -1 8 0
-1 -1 4 -1 5 1
2 -1 4 -1 8 1
2 -1 8 -1 4 1
-1 -1 7 -1 8 1
-1 -1 3 -1 4 1
2 -1 7 -1 3 1
-1 -1 6 -1 7 1
-1 -1 2 -1 3 1
2 -1 6 -1 2 1
-1 -1 5 -1 6 1
-1 -1 1 -1 2 1
2 -1 5 -1 1 0
5 Unequal
Succeeded
